1.55732851450105
2.00509232748144
2.95560249053224
4.19850353786843
4.13487275718474
4.28525184424447
4.90140546374882
2.95777412339382
1.70984089737012
1.34402559466337
1.92870868494856
3.84617011229693
3.22482979176375
5.00807389786935
3.49076293961316
2.27477097180658
0.20365898252832
3.66752069340536
3.99819144139169
1.92017355676064
1.09083496027975
1.07158051959828
4.44501505681172
4.27480608101187
4.61827660600008
6.50519350257404
3.31294366726157
3.64065828071298
2.96396613531182
2.86797221488981
0.786233459354956
5.59936049805709
2.14122736152092
3.31120101082336
5.94934692086878
1.76725852490733
2.91565008984807
4.30446985237821
4.4387473392971
3.23214309250471
1.00671804293142
4.29760975873639
1.63662564735896
1.72126296237617
3.18046100504241
1.9179524313454
2.13116669840242
4.53372435890791
6.34005691287671
3.54303749666504
5.21970818412981
3.19233190881598
3.24033151259081
3.11083035107073
2.38946209657602
0.919012442021335
3.39979955241755
2.16661511986764
3.52217657896811
0.872680971596316
2.38570144899302
3.0090485611893
5.02519950566506
3.41583221311652
2.34865287548179
5.0963837364343
3.61138100616075
2.44297394937178
5.31621206855798
1.18396331942692
4.04821302300053
2.10964320229418
1.56542801569178
4.92489849972069
3.24061778770483
4.1863205969273
5.33399442585574
0.878219141172953
0.506232834704351
0.488942540605119
5.74111503470633
4.65225169038048
5.70695653196511
1.27727332299667
4.75265957071813
3.26341915330552
4.16541111946728
0.731869131655541
1.87123759460842
5.31019557845794
3.83447266949687
3.13393138047071
3.25991846709155
1.14928590795034
3.91255568216478
2.46009231633717
3.79072201643852
3.55740899095283
5.84115459378662
3.34734555113418
3.50891554777
1.79780635919023
2.97131637993624
5.59901689414572
2.92688859695991
4.14211723660956
2.67646047163859
2.54216251903624
2.06651047673672
3.62345008215003
1.94016374171753
1.69653171430539
0.85988884425708
1.28602020389377
2.27834123700885
2.8613681939675
1.30099875405254
2.13288314934998
4.45188145445653
4.67516720801278
1.22253430498201
0.713247708521091
2.77202271116671
3.39308002163541
3.66900662365975
-3.47194131942419
-2.6766055219244
-1.33538995560143
-2.54048978177407
-1.351439988429
-3.13410133291145
-4.48833376772683
-3.01479220626437
-2.44476872623514
-3.15296523311413
-2.44169420435684
-2.12126057022682
-2.00904856894078
-3.50952858106348
-2.83944577803752
-2.05004258311258
-2.58965534899438
-3.72927944822424
-3.71476502244871
-2.48498821753159
-1.53964261266097
-1.05954305802606
-2.95151434657045
-3.09952866742724
-3.74351908598924
-3.1042903772625
-2.10362601060363
-3.22077761244731
3.83184780296087
-4.95872754227801
-3.72501568659076
-1.69094640112331
-2.80508607226713
-4.34629191323785
-5.03275352819086
-3.29212742608216
-3.34703243725996
-6.67553682510688
0.218342279091362
-1.86920059107302
-0.982671809580251
-1.94871933471126
-3.45423835033194
-4.31702934037529
-2.88826879494448
-3.60735735598756
-3.41731234883996
-5.40879624054554
-2.7879783213384
-5.78460932902386
-4.26378947689238
-4.04414774451902
-3.61966448037686
-1.43178827827329
-4.73104610299852
-3.67442239297256
-1.5054394911207
-0.10657220447588
-1.3205515587051
-2.51991165454616
-4.16241133890101
-4.65824588058952
-5.17818502686961
-1.4160895698838
-3.02313396441331
-3.03839219450002
-3.30686920234719
-2.90444013878038
-1.89376084430326
0.428412938016657
-2.70174023037726
-2.89188341849053
-2.65293875674793
-0.721321996205776
-2.10302878005965
