0.885610046034968
1.93873632148871
0.613682803866939
3.77386504277913
2.12836010335997
0.63339110064658
2.33365776815703
2.65982211666798
2.44851575714954
1.30299509669674
3.6653155189861
2.20679620733486
0.892387245295655
-1.17910985333075
3.16241019358604
1.6415863082802
1.67895265797137
2.92698707389089
2.76758755362752
2.47207171758276
2.89467058309068
2.71677719095039
1.79693447837475
-0.886157204622385
2.50577347226312
1.6270326386123
1.49746584128307
-0.211978099069057
1.07840492835879
2.24332402825961
3.46628341698776
1.56637595445411
2.20397309502718
1.63005344724222
-0.0901774238771886
1.16050706771042
1.18742306017655
1.62289258427546
3.13003298357905
2.69212847299481
-1.53161887700287
-1.60268934410921
-0.84242929967621
-0.954669441061074
-1.95100455563962
-1.9659961255697
-1.10833443029054
-0.785173660387667
-1.48987696972018
-0.695113818836628
